version https://git-lfs.github.com/spec/v1
oid sha256:6990738a39ff4720695996a202c575257123fb1890f548727a7489687cd642df
size 9081
