version https://git-lfs.github.com/spec/v1
oid sha256:e0681d9d745fbbbb77fc02870282785dac2738133ed3f2618e92a58b213d53d3
size 8934
