version https://git-lfs.github.com/spec/v1
oid sha256:4573d3d95813ed8925a596f9b9234b168a141a82eed1422be1bd86a969521eda
size 5548
