version https://git-lfs.github.com/spec/v1
oid sha256:a3577face683a9492592a36cd3d4a4515752b8b78baa4d8efd12092a13ef43a7
size 4783
