version https://git-lfs.github.com/spec/v1
oid sha256:39ff1012e80218d8838440f661740da4e9808025eba2274d8006d9e2eba54abe
size 6345
