version https://git-lfs.github.com/spec/v1
oid sha256:5be5261756f80bba4ded99b6800be93b10af98aa3657762c7883f2f598212e20
size 6204
