version https://git-lfs.github.com/spec/v1
oid sha256:49e647f959fff08d846cdf7f9663b4ec0ffc4af06b22ed4711eae9224c44cd57
size 5974
