version https://git-lfs.github.com/spec/v1
oid sha256:93ac7a9a4873f2a502649551df2f2e208938fd4d0357fc9eb0f4a1c0b13f35d1
size 5510
