version https://git-lfs.github.com/spec/v1
oid sha256:9b09a3be1d949fa90d14e0843f9a10ccd1e2f772fa372aba155e24e7cc5c6dcb
size 3560
