version https://git-lfs.github.com/spec/v1
oid sha256:ab3acec9c312f4da017d313d5a530bf07afaa05a9972a85c3fddbf6870c7f25c
size 9170
