version https://git-lfs.github.com/spec/v1
oid sha256:19527b23fd9d5a7d15bb70c186667ebe0ea14e9660004946e5b2f088dae96837
size 11325
