version https://git-lfs.github.com/spec/v1
oid sha256:e87fc58e2896cd9eed0d40e4fa9d61425b141d9e1477986fbdc57fac07f24706
size 4182
