version https://git-lfs.github.com/spec/v1
oid sha256:aae891c89a79955295881ba64a24f83ebceb3134ac63a12793abdc49b6a3b338
size 4400
