version https://git-lfs.github.com/spec/v1
oid sha256:f74a98e9e0e4f7f4b31207c59dd78316da2fd3bea68a62e00494e3301db77c48
size 3962
