version https://git-lfs.github.com/spec/v1
oid sha256:f2c85ffa6087cf83ae547707b228fee209111423505b8a040cd9a34470888ee2
size 5888
