version https://git-lfs.github.com/spec/v1
oid sha256:17372edc2c6b28ab58738b5fda85adcf6c3ed33b3b88e1eb96e30ac34b78c41c
size 7407
