version https://git-lfs.github.com/spec/v1
oid sha256:242ed8797c6aa1a81f185a1b7e57efbbd783b9dc0fefe467a3cfe6970026f5b0
size 5529
